= chardon ======================================================================
The folding marks are measured from the bottom of the page.
The blank pages are meant to be folded all the way, from top to bottom.
The measures are given in cm.
===============================================================================

===============================================================================
Page	Lower	upper
===============================================================================
1   	0.0  	20.0 	This page is WHITE = folded all the way!
3   	0.0  	20.0 	This page is WHITE = folded all the way!
5   	0.0  	20.0 	This page is WHITE = folded all the way!
7   	0.0  	20.0 	This page is WHITE = folded all the way!
9   	0.0  	20.0 	This page is WHITE = folded all the way!
11  	0.0  	20.0 	This page is WHITE = folded all the way!
13  	0.0  	20.0 	This page is WHITE = folded all the way!
15  	0.0  	20.0 	This page is WHITE = folded all the way!
17  	0.0  	20.0 	This page is WHITE = folded all the way!
19  	0.0  	20.0 	This page is WHITE = folded all the way!
21  	0.0  	20.0 	This page is WHITE = folded all the way!
23  	0.0  	20.0 	This page is WHITE = folded all the way!
25  	0.0  	20.0 	This page is WHITE = folded all the way!
27  	0.0  	20.0 	This page is WHITE = folded all the way!
29  	0.0  	20.0 	This page is WHITE = folded all the way!
31  	9.2  	9.8  
33  	0.0  	20.0 	This page is WHITE = folded all the way!
35  	8.6  	9.1  
37  	8.2  	8.9  
39  	8.0  	8.8  
41  	7.9  	8.7  
43  	7.9  	8.7  
45  	10.6 	11.1 
47  	7.8  	8.7  
49  	10.2 	11.4 
51  	7.7  	8.8  
53  	7.6  	8.8  
55  	10.3 	10.8 
57  	8.1  	8.8  
59  	10.3 	10.8 
61  	8.1  	8.9  
63  	7.6  	8.1  
65  	8.1  	8.9  
67  	7.6  	8.1  
69  	10.3 	10.8 
71  	8.1  	8.9  
73  	7.5  	8.1  
75  	9.6  	10.7 
77  	8.0  	9.1  
79  	7.4  	8.0  
81  	5.7  	6.2  
83  	10.7 	11.2 
85  	9.6  	10.7 
87  	8.0  	9.1  
89  	7.4  	8.0  
91  	5.7  	6.2  
93  	11.5 	12.0 
95  	10.7 	11.2 
97  	9.5  	10.6 
99  	8.0  	9.1  
101 	7.4  	8.0  
103 	5.7  	6.2  
105 	11.4 	12.2 
107 	10.7 	11.3 
109 	8.0  	10.6 
111 	7.3  	7.9  
113 	5.6  	6.2  
115 	10.7 	12.3 
117 	8.0  	10.6 
119 	7.3  	7.9  
121 	5.6  	6.2  
123 	12.0 	13.1 
125 	11.0 	11.9 
127 	7.8  	10.2 
129 	7.2  	7.7  
131 	5.6  	6.2  
133 	10.8 	13.2 
135 	7.8  	10.2 
137 	7.2  	7.7  
139 	5.6  	6.2  
141 	10.8 	13.3 
143 	9.3  	10.0 
145 	7.8  	9.0  
147 	7.1  	7.7  
149 	5.6  	6.2  
151 	10.8 	13.4 
153 	7.8  	8.9  
155 	7.1  	7.7  
157 	5.6  	6.2  
159 	10.8 	13.5 
161 	10.0 	10.6 
163 	7.8  	8.6  
165 	7.1  	7.7  
167 	5.6  	6.3  
169 	10.8 	13.4 
171 	8.9  	10.6 
173 	7.7  	8.5  
175 	7.1  	7.6  
177 	5.6  	6.3  
179 	4.9  	5.4  
181 	10.8 	13.3 
183 	8.8  	10.6 
185 	7.7  	8.5  
187 	5.6  	6.3  
189 	4.9  	5.4  
191 	10.8 	13.3 
193 	8.8  	10.6 
195 	7.7  	8.4  
197 	7.1  	7.6  
199 	5.6  	6.3  
201 	4.9  	5.5  
203 	10.8 	13.2 
205 	8.7  	10.6 
207 	7.7  	8.4  
209 	5.6  	6.3  
211 	4.9  	5.5  
213 	10.8 	13.1 
215 	8.6  	10.6 
217 	7.7  	8.3  
219 	4.9  	6.4  
221 	10.8 	13.0 
223 	8.6  	10.6 
225 	7.7  	8.3  
227 	7.1  	7.6  
229 	4.9  	6.4  
231 	10.8 	12.8 
233 	8.4  	10.6 
235 	7.0  	7.5  
237 	4.9  	6.5  
239 	10.8 	12.7 
241 	8.4  	10.7 
243 	5.0  	7.5  
245 	8.2  	10.8 
247 	5.0  	7.4  
249 	10.0 	10.8 
251 	8.1  	9.9  
253 	5.0  	7.4  
255 	10.7 	11.4 
257 	7.7  	9.2  
259 	5.7  	7.2  
261 	5.1  	5.7  
263 	7.6  	9.1  
265 	5.8  	7.1  
267 	5.1  	5.7  
269 	7.8  	8.9  
271 	6.0  	6.8  
273 	5.2  	5.9  
275 	8.1  	8.9  
277 	7.2  	7.8  
279 	6.0  	6.7  
281 	5.2  	5.9  
283 	8.4  	8.9  
285 	6.9  	8.1  
287 	5.2  	5.9  
289 	6.9  	8.2  
291 	5.2  	5.9  
293 	6.6  	8.6  
295 	5.2  	6.0  
297 	6.6  	8.6  
299 	6.6  	8.7  
301 	5.2  	6.0  
303 	8.9  	9.8  
305 	6.5  	8.8  
307 	5.1  	6.0  
309 	6.4  	9.7  
311 	5.5  	6.0  
313 	6.3  	9.2  
315 	5.3  	5.9  
317 	4.8  	5.3  
319 	6.2  	9.1  
321 	4.7  	5.9  
323 	6.1  	7.4  
325 	5.2  	5.8  
327 	4.5  	5.2  
329 	6.1  	7.3  
331 	4.5  	5.8  
333 	5.8  	7.3  
335 	4.8  	5.6  
337 	7.1  	7.9  
339 	5.8  	7.1  
341 	4.7  	5.5  
343 	5.8  	7.9  
345 	4.7  	5.5  
347 	5.9  	7.8  
349 	5.9  	7.8  
351 	3.4  	3.9  
353 	6.1  	8.4  
355 	4.4  	5.0  
357 	3.4  	4.0  
359 	6.3  	8.3  
361 	3.4  	4.9  
363 	6.5  	8.2  
365 	5.6  	6.2  
367 	3.4  	4.9  
369 	5.5  	8.1  
371 	4.1  	5.1  
373 	5.5  	8.0  
375 	4.2  	5.1  
377 	3.5  	4.0  
379 	6.4  	7.6  
381 	5.5  	6.4  
383 	4.6  	5.2  
385 	3.6  	4.3  
387 	5.6  	7.5  
389 	4.7  	5.2  
391 	3.6  	4.3  
393 	5.7  	7.5  
395 	3.6  	4.3  
397 	6.3  	6.9  
399 	5.7  	6.2  
401 	3.7  	4.5  
403 	5.7  	6.9  
405 	3.7  	4.5  
407 	18.4 	19.0 
409 	5.2  	6.5  
411 	3.8  	4.6  
413 	18.0 	19.0 
415 	12.4 	13.2 
417 	5.2  	6.0  
419 	4.0  	4.7  
421 	18.6 	19.2 
423 	17.3 	18.4 
425 	11.2 	14.4 
427 	5.1  	5.7  
429 	4.2  	4.8  
431 	18.4 	19.5 
433 	17.1 	18.1 
435 	11.1 	14.6 
437 	4.2  	4.8  
439 	17.9 	19.2 
441 	16.8 	17.7 
443 	10.7 	14.9 
445 	17.7 	19.0 
447 	16.6 	17.4 
449 	11.5 	15.0 
451 	10.6 	11.4 
453 	17.7 	19.0 
455 	16.5 	17.4 
457 	10.6 	15.0 
459 	19.0 	19.6 
461 	17.4 	18.7 
463 	16.3 	17.2 
465 	10.5 	15.1 
467 	19.0 	19.8 
469 	17.4 	18.7 
471 	16.3 	17.1 
473 	11.6 	15.2 
475 	10.5 	11.6 
477 	18.9 	19.9 
479 	17.4 	18.6 
481 	16.3 	17.1 
483 	10.5 	15.2 
485 	17.8 	19.3 
487 	16.5 	17.5 
489 	15.6 	16.2 
491 	10.1 	15.5 
493 	3.8  	4.3  
495 	17.7 	19.3 
497 	16.4 	17.4 
499 	10.1 	15.5 
501 	3.8  	4.4  
503 	18.9 	19.4 
505 	17.0 	18.6 
507 	15.8 	16.7 
509 	10.0 	15.7 
511 	3.3  	4.9  
513 	18.5 	19.8 
515 	16.7 	18.1 
517 	9.9  	15.7 
519 	3.0  	5.1  
521 	16.9 	19.5 
523 	9.7  	15.9 
525 	3.9  	6.3  
527 	17.8 	19.7 
529 	16.6 	17.8 
531 	9.7  	15.9 
533 	4.3  	6.5  
535 	17.8 	19.8 
537 	16.4 	17.8 
539 	10.7 	15.9 
541 	9.7  	10.6 
543 	4.5  	6.7  
545 	17.8 	19.8 
547 	16.3 	17.8 
549 	9.7  	15.9 
551 	4.5  	6.7  
553 	16.1 	19.9 
555 	9.7  	15.9 
557 	4.7  	6.9  
559 	16.1 	20.0 
561 	10.5 	15.9 
563 	9.7  	10.5 
565 	5.0  	7.2  
567 	18.1 	20.0 
569 	16.1 	18.1 
571 	10.5 	15.9 
573 	9.7  	10.5 
575 	5.0  	7.2  
577 	18.3 	19.9 
579 	16.1 	18.1 
581 	9.7  	15.9 
583 	5.1  	7.3  
585 	18.2 	19.7 
587 	16.1 	18.0 
589 	10.4 	15.9 
591 	9.7  	10.3 
593 	5.4  	7.7  
595 	18.2 	19.6 
597 	16.1 	18.0 
599 	9.7  	15.9 
601 	5.5  	7.8  
603 	18.2 	19.5 
605 	16.1 	18.0 
607 	9.7  	15.9 
609 	9.0  	9.6  
611 	5.6  	7.9  
613 	18.5 	19.3 
615 	16.1 	18.3 
617 	14.2 	15.9 
619 	9.7  	14.1 
621 	9.0  	9.6  
623 	6.3  	8.8  
625 	16.1 	18.3 
627 	14.4 	15.9 
629 	9.7  	14.0 
631 	9.0  	9.6  
633 	6.4  	8.8  
635 	16.0 	16.7 
637 	14.5 	15.9 
639 	11.3 	13.9 
641 	9.7  	11.3 
643 	8.9  	9.6  
645 	6.6  	8.8  
647 	14.5 	15.9 
649 	9.7  	13.8 
651 	8.9  	9.6  
653 	6.7  	8.8  
655 	18.9 	19.5 
657 	14.5 	15.9 
659 	9.7  	13.8 
661 	8.9  	9.6  
663 	6.7  	8.8  
665 	18.7 	19.5 
667 	14.6 	15.9 
669 	9.7  	13.8 
671 	6.8  	8.8  
673 	18.7 	19.5 
675 	17.4 	18.4 
677 	14.6 	15.9 
679 	9.7  	13.8 
681 	6.9  	8.9  
683 	18.7 	19.6 
685 	16.5 	18.5 
687 	14.6 	15.9 
689 	11.5 	13.7 
691 	9.7  	11.4 
693 	7.0  	9.0  
695 	18.7 	19.6 
697 	16.6 	18.5 
699 	14.6 	15.9 
701 	9.7  	13.7 
703 	7.1  	9.0  
705 	18.7 	19.6 
707 	16.7 	18.5 
709 	14.7 	15.9 
711 	13.9 	14.4 
713 	9.7  	13.7 
715 	7.1  	9.0  
717 	18.7 	19.7 
719 	17.1 	18.5 
721 	14.7 	15.9 
723 	9.8  	13.7 
725 	7.3  	9.0  
727 	18.7 	19.7 
729 	17.4 	18.6 
731 	16.0 	16.5 
733 	14.7 	15.9 
735 	9.8  	13.7 
737 	7.4  	9.1  
739 	18.9 	19.7 
741 	17.5 	18.6 
743 	16.1 	16.7 
745 	14.7 	15.9 
747 	11.6 	13.7 
749 	9.8  	11.6 
751 	7.4  	9.1  
753 	18.9 	19.8 
755 	17.6 	18.6 
757 	16.1 	16.8 
759 	14.7 	15.9 
761 	9.8  	13.7 
763 	7.5  	9.1  
765 	19.0 	19.9 
767 	16.4 	17.4 
769 	14.7 	15.8 
771 	9.8  	13.7 
773 	7.7  	9.2  
775 	16.8 	18.2 
777 	14.8 	15.8 
779 	9.8  	13.7 
781 	8.0  	9.3  
783 	16.8 	18.3 
785 	15.9 	16.4 
787 	14.8 	15.8 
789 	9.8  	13.7 
791 	8.1  	9.3  
793 	17.1 	18.7 
795 	15.9 	16.6 
797 	14.8 	15.8 
799 	11.9 	13.7 
801 	9.9  	11.8 
803 	8.2  	9.3  
805 	17.1 	18.8 
807 	15.9 	16.7 
809 	14.8 	15.8 
811 	9.9  	13.7 
813 	8.3  	9.3  
815 	17.4 	19.1 
817 	15.9 	17.0 
819 	14.7 	15.7 
821 	9.9  	13.7 
823 	17.7 	19.0 
825 	15.8 	17.2 
827 	14.7 	15.7 
829 	10.2 	13.8 
831 	5.2  	5.7  
833 	18.2 	19.2 
835 	15.8 	17.7 
837 	14.7 	15.6 
839 	10.2 	13.9 
841 	5.2  	5.9  
843 	3.9  	4.4  
845 	18.6 	19.2 
847 	15.7 	18.2 
849 	14.6 	15.6 
851 	10.0 	13.8 
853 	5.1  	6.1  
855 	18.7 	19.4 
857 	15.7 	18.2 
859 	14.6 	15.6 
861 	10.1 	13.8 
863 	5.1  	6.1  
865 	3.8  	4.3  
867 	15.7 	18.5 
869 	14.5 	15.5 
871 	10.1 	13.9 
873 	5.1  	6.3  
875 	3.7  	4.4  
877 	15.6 	18.8 
879 	10.2 	15.5 
881 	5.1  	6.4  
883 	3.7  	4.4  
885 	16.3 	19.4 
887 	10.4 	15.3 
889 	5.2  	7.4  
891 	4.5  	5.0  
893 	3.4  	4.2  
895 	16.9 	19.7 
897 	10.6 	15.0 
899 	5.3  	7.9  
901 	4.0  	5.1  
903 	17.1 	19.7 
905 	10.7 	14.9 
907 	6.8  	7.9  
909 	5.4  	6.5  
911 	3.9  	5.2  
913 	17.8 	19.8 
915 	17.2 	17.8 
917 	10.8 	14.8 
919 	6.5  	8.0  
921 	5.4  	6.1  
923 	3.7  	5.2  
925 	17.3 	19.8 
927 	10.8 	14.8 
929 	6.4  	8.1  
931 	5.5  	6.1  
933 	3.6  	5.2  
935 	17.4 	19.9 
937 	10.9 	14.8 
939 	6.3  	8.1  
941 	3.3  	5.2  
943 	17.6 	19.4 
945 	11.0 	14.7 
947 	6.1  	8.2  
949 	4.1  	5.2  
951 	3.3  	4.1  
953 	17.9 	19.0 
955 	11.2 	14.4 
957 	5.8  	7.7  
959 	4.3  	5.3  
961 	18.0 	19.0 
963 	17.2 	17.7 
965 	11.3 	14.4 
967 	5.8  	7.7  
969 	4.3  	5.3  
971 	17.8 	18.4 
973 	12.1 	13.5 
975 	5.8  	7.1  
977 	4.2  	5.5  
979 	5.8  	7.0  
981 	4.2  	5.5  
983 	6.1  	9.1  
985 	4.6  	5.8  
987 	8.7  	9.5  
989 	6.2  	8.7  
991 	4.9  	5.8  
993 	6.4  	8.6  
995 	5.0  	5.8  
997 	6.6  	8.2  
999 	5.1  	5.8  
1001	8.2  	8.7  
1003	6.8  	8.0  
1005	5.1  	5.8  
1007	8.2  	8.7  
1009	6.8  	7.9  
1011	5.9  	6.4  
1013	5.1  	5.8  
1015	7.9  	8.7  
1017	5.9  	6.5  
1019	5.1  	5.8  
1021	7.3  	8.9  
1023	5.7  	6.9  
1025	5.0  	5.6  
1027	10.7 	11.2 
1029	7.4  	9.0  
1031	5.6  	7.0  
1033	5.0  	5.6  
1035	7.6  	9.1  
1037	4.9  	7.0  
1039	10.5 	11.2 
1041	7.6  	9.1  
1043	4.9  	7.0  
1045	10.3 	10.8 
1047	7.7  	9.3  
1049	5.8  	7.1  
1051	4.9  	5.8  
1053	10.2 	10.8 
1055	7.8  	9.3  
1057	4.9  	7.1  
1059	9.8  	10.7 
1061	7.9  	9.7  
1063	5.7  	7.2  
1065	4.9  	5.7  
1067	7.9  	10.7 
1069	5.7  	7.2  
1071	4.9  	5.7  
1073	8.0  	10.6 
1075	4.9  	7.2  
1077	11.3 	11.9 
1079	8.0  	10.6 
1081	4.8  	7.3  
1083	11.2 	12.1 
1085	8.1  	10.6 
1087	5.6  	7.3  
1089	4.8  	5.5  
1091	11.1 	12.3 
1093	8.1  	10.6 
1095	4.8  	7.3  
1097	10.7 	12.6 
1099	8.2  	10.5 
1101	6.7  	7.4  
1103	4.8  	6.5  
1105	10.7 	12.6 
1107	8.3  	10.5 
1109	6.8  	7.4  
1111	5.5  	6.4  
1113	4.8  	5.4  
1115	10.6 	13.0 
1117	9.7  	10.5 
1119	8.5  	9.2  
1121	7.6  	8.2  
1123	5.4  	6.2  
1125	4.7  	5.3  
1127	10.6 	13.2 
1129	9.8  	10.5 
1131	7.6  	8.3  
1133	5.5  	6.1  
1135	4.7  	5.3  
1137	10.6 	13.2 
1139	9.8  	10.4 
1141	7.6  	8.4  
1143	7.0  	7.5  
1145	5.5  	6.1  
1147	4.7  	5.2  
1149	10.6 	13.3 
1151	9.8  	10.4 
1153	7.6  	8.4  
1155	7.0  	7.5  
1157	5.5  	6.1  
1159	10.6 	13.4 
1161	7.6  	8.5  
1163	7.0  	7.5  
1165	5.4  	6.1  
1167	10.6 	13.5 
1169	7.6  	8.6  
1171	5.4  	6.1  
1173	10.6 	13.5 
1175	7.6  	8.6  
1177	7.0  	7.5  
1179	5.4  	6.1  
1181	10.6 	13.2 
1183	9.1  	9.7  
1185	7.7  	8.8  
1187	7.0  	7.6  
1189	5.4  	6.1  
1191	10.6 	13.1 
1193	7.7  	8.9  
1195	7.0  	7.6  
1197	5.4  	6.1  
1199	11.8 	13.0 
1201	10.8 	11.8 
1203	7.7  	8.9  
1205	7.0  	7.6  
1207	5.4  	6.1  
1209	11.8 	12.9 
1211	7.7  	8.9  
1213	7.0  	7.6  
1215	5.4  	6.1  
1217	11.9 	12.4 
1219	10.5 	11.8 
1221	7.8  	8.9  
1223	7.1  	7.7  
1225	5.4  	6.0  
1227	10.5 	11.8 
1229	7.8  	8.9  
1231	7.1  	7.7  
1233	5.4  	6.0  
1235	11.2 	12.1 
1237	10.5 	11.2 
1239	7.8  	9.0  
1241	7.2  	7.8  
1243	5.5  	6.0  
1245	11.3 	12.1 
1247	10.6 	11.1 
1249	10.0 	10.5 
1251	7.8  	9.0  
1253	7.2  	7.8  
1255	5.5  	6.0  
1257	9.9  	10.5 
1259	7.9  	8.9  
1261	7.2  	7.8  
1263	5.5  	6.1  
1265	9.9  	10.5 
1267	7.9  	8.9  
1269	7.2  	7.8  
1271	9.8  	10.7 
1273	7.9  	8.7  
1275	10.0 	11.3 
1277	7.6  	8.6  
1279	7.7  	8.6  
1281	7.7  	8.6  
1283	7.8  	8.6  
1285	7.9  	8.7  
1287	8.1  	8.9  
1289	8.7  	9.4  
1291	0.0  	20.0 	This page is WHITE = folded all the way!
1293	0.0  	20.0 	This page is WHITE = folded all the way!
1295	0.0  	20.0 	This page is WHITE = folded all the way!
1297	0.0  	20.0 	This page is WHITE = folded all the way!
1299	0.0  	20.0 	This page is WHITE = folded all the way!
1301	0.0  	20.0 	This page is WHITE = folded all the way!
1303	0.0  	20.0 	This page is WHITE = folded all the way!
1305	0.0  	20.0 	This page is WHITE = folded all the way!
1307	0.0  	20.0 	This page is WHITE = folded all the way!
1309	0.0  	20.0 	This page is WHITE = folded all the way!
1311	0.0  	20.0 	This page is WHITE = folded all the way!
1313	0.0  	20.0 	This page is WHITE = folded all the way!
1315	0.0  	20.0 	This page is WHITE = folded all the way!
1317	0.0  	20.0 	This page is WHITE = folded all the way!
1319	0.0  	20.0 	This page is WHITE = folded all the way!

===============================================================================
Generated by the OverWorked Moodule.
Licensed under GPL v3.
Enjoy your time folding !